observe_time,a1_0,a1_1,a1_2,a1_3,a1_4,a1_5,a1_6,a1_7,a1_8,a1_9,a1_10,a1_11,a1_12,a1_13,a1_14,a1_15,a1_16,a1_17,a1_18,a1_19,a1_20,a1_21,a1_22,a1_23,a1_24,a1_25,a1_26,a1_27,a1_28,a1_29,a1_30,a1_31,a1_32,a1_33,a1_34,a1_35,a1_36,a1_37,a1_38,a1_39,a1_40,a1_41,a1_42,a1_43,a1_44,a1_45,a1_46,a1_47,a1_48,a1_49,a1_50,a1_51,a1_52,a1_53,a1_54,a1_55,a1_56,a1_57,a1_58,a1_59,a1_60,a1_61,a1_62,a1_63,a1_64,a1_65,a1_66,a1_67,a1_68,a1_69,a1_70,a1_71,a1_72,a1_73,a1_74,a1_75,a1_76,a1_77,a1_78,a1_79,a1_80,a1_81,a1_82,a1_83,a1_84,a1_85,a1_86,a1_87,a1_88,a1_89,a1_90,a1_91,a1_92,a1_93,a1_94,a1_95,a1_96,a1_97,a1_98,a1_99,a2_0,a2_1,a2_2,a2_3,a2_4,a2_5,a2_6,a2_7,a2_8,a2_9,a2_10,a2_11,a2_12,a2_13,a2_14,a2_15,a2_16,a2_17,a2_18,a2_19,a2_20,a2_21,a2_22,a2_23,a2_24,a2_25,a2_26,a2_27,a2_28,a2_29,a2_30,a2_31,a2_32,a2_33,a2_34,a2_35,a2_36,a2_37,a2_38,a2_39,a2_40,a2_41,a2_42,a2_43,a2_44,a2_45,a2_46,a2_47,a2_48,a2_49,a2_50,a2_51,a2_52,a2_53,a2_54,a2_55,a2_56,a2_57,a2_58,a2_59,a2_60,a2_61,a2_62,a2_63,a2_64,a2_65,a2_66,a2_67,a2_68,a2_69,a2_70,a2_71,a2_72,a2_73,a2_74,a2_75,a2_76,a2_77,a2_78,a2_79,a2_80,a2_81,a2_82,a2_83,a2_84,a2_85,a2_86,a2_87,a2_88,a2_89,a2_90,a2_91,a2_92,a2_93,a2_94,a2_95,a2_96,a2_97,a2_98,a2_99,b1_0,b1_1,b1_2,b1_3,b1_4,b1_5,b1_6,b1_7,b1_8,b1_9,b1_10,b1_11,b1_12,b1_13,b1_14,b1_15,b1_16,b1_17,b1_18,b1_19,b1_20,b1_21,b1_22,b1_23,b1_24,b1_25,b1_26,b1_27,b1_28,b1_29,b1_30,b1_31,b1_32,b1_33,b1_34,b1_35,b1_36,b1_37,b1_38,b1_39,b1_40,b1_41,b1_42,b1_43,b1_44,b1_45,b1_46,b1_47,b1_48,b1_49,b1_50,b1_51,b1_52,b1_53,b1_54,b1_55,b1_56,b1_57,b1_58,b1_59,b1_60,b1_61,b1_62,b1_63,b1_64,b1_65,b1_66,b1_67,b1_68,b1_69,b1_70,b1_71,b1_72,b1_73,b1_74,b1_75,b1_76,b1_77,b1_78,b1_79,b1_80,b1_81,b1_82,b1_83,b1_84,b1_85,b1_86,b1_87,b1_88,b1_89,b1_90,b1_91,b1_92,b1_93,b1_94,b1_95,b1_96,b1_97,b1_98,b1_99,b2_0,b2_1,b2_2,b2_3,b2_4,b2_5,b2_6,b2_7,b2_8,b2_9,b2_10,b2_11,b2_12,b2_13,b2_14,b2_15,b2_16,b2_17,b2_18,b2_19,b2_20,b2_21,b2_22,b2_23,b2_24,b2_25,b2_26,b2_27,b2_28,b2_29,b2_30,b2_31,b2_32,b2_33,b2_34,b2_35,b2_36,b2_37,b2_38,b2_39,b2_40,b2_41,b2_42,b2_43,b2_44,b2_45,b2_46,b2_47,b2_48,b2_49,b2_50,b2_51,b2_52,b2_53,b2_54,b2_55,b2_56,b2_57,b2_58,b2_59,b2_60,b2_61,b2_62,b2_63,b2_64,b2_65,b2_66,b2_67,b2_68,b2_69,b2_70,b2_71,b2_72,b2_73,b2_74,b2_75,b2_76,b2_77,b2_78,b2_79,b2_80,b2_81,b2_82,b2_83,b2_84,b2_85,b2_86,b2_87,b2_88,b2_89,b2_90,b2_91,b2_92,b2_93,b2_94,b2_95,b2_96,b2_97,b2_98,b2_99,hspec_0,hspec_1,hspec_2,hspec_3,hspec_4,hspec_5,hspec_6,hspec_7,hspec_8,hspec_9,hspec_10,hspec_11,hspec_12,hspec_13,hspec_14,hspec_15,hspec_16,hspec_17,hspec_18,hspec_19,hspec_20,hspec_21,hspec_22,hspec_23,hspec_24,hspec_25,hspec_26,hspec_27,hspec_28,hspec_29,hspec_30,hspec_31,hspec_32,hspec_33,hspec_34,hspec_35,hspec_36,hspec_37,hspec_38,hspec_39,hspec_40,hspec_41,hspec_42,hspec_43,hspec_44,hspec_45,hspec_46,hspec_47,hspec_48,hspec_49,hspec_50,hspec_51,hspec_52,hspec_53,hspec_54,hspec_55,hspec_56,hspec_57,hspec_58,hspec_59,hspec_60,hspec_61,hspec_62,hspec_63,hspec_64,hspec_65,hspec_66,hspec_67,hspec_68,hspec_69,hspec_70,hspec_71,hspec_72,hspec_73,hspec_74,hspec_75,hspec_76,hspec_77,hspec_78,hspec_79,hspec_80,hspec_81,hspec_82,hspec_83,hspec_84,hspec_85,hspec_86,hspec_87,hspec_88,hspec_89,hspec_90,hspec_91,hspec_92,hspec_93,hspec_94,hspec_95,hspec_96,hspec_97,hspec_98,hspec_99,dspec_0,dspec_1,dspec_2,dspec_3,dspec_4,dspec_5,dspec_6,dspec_7,dspec_8,dspec_9,dspec_10,dspec_11,dspec_12,dspec_13,dspec_14,dspec_15,dspec_16,dspec_17,dspec_18,dspec_19,dspec_20,dspec_21,dspec_22,dspec_23,dspec_24,dspec_25,dspec_26,dspec_27,dspec_28,dspec_29,dspec_30,dspec_31,dspec_32,dspec_33,dspec_34,dspec_35,dspec_36,dspec_37,dspec_38,dspec_39,dspec_40,dspec_41,dspec_42,dspec_43,dspec_44,dspec_45,dspec_46,dspec_47,dspec_48,dspec_49,dspec_50,dspec_51,dspec_52,dspec_53,dspec_54,dspec_55,dspec_56,dspec_57,dspec_58,dspec_59,dspec_60,dspec_61,dspec_62,dspec_63,dspec_64,dspec_65,dspec_66,dspec_67,dspec_68,dspec_69,dspec_70,dspec_71,dspec_72,dspec_73,dspec_74,dspec_75,dspec_76,dspec_77,dspec_78,dspec_79,dspec_80,dspec_81,dspec_82,dspec_83,dspec_84,dspec_85,dspec_86,dspec_87,dspec_88,dspec_89,dspec_90,dspec_91,dspec_92,dspec_93,dspec_94,dspec_95,dspec_96,dspec_97,dspec_98,dspec_99,sprspec_0,sprspec_1,sprspec_2,sprspec_3,sprspec_4,sprspec_5,sprspec_6,sprspec_7,sprspec_8,sprspec_9,sprspec_10,sprspec_11,sprspec_12,sprspec_13,sprspec_14,sprspec_15,sprspec_16,sprspec_17,sprspec_18,sprspec_19,sprspec_20,sprspec_21,sprspec_22,sprspec_23,sprspec_24,sprspec_25,sprspec_26,sprspec_27,sprspec_28,sprspec_29,sprspec_30,sprspec_31,sprspec_32,sprspec_33,sprspec_34,sprspec_35,sprspec_36,sprspec_37,sprspec_38,sprspec_39,sprspec_40,sprspec_41,sprspec_42,sprspec_43,sprspec_44,sprspec_45,sprspec_46,sprspec_47,sprspec_48,sprspec_49,sprspec_50,sprspec_51,sprspec_52,sprspec_53,sprspec_54,sprspec_55,sprspec_56,sprspec_57,sprspec_58,sprspec_59,sprspec_60,sprspec_61,sprspec_62,sprspec_63,sprspec_64,sprspec_65,sprspec_66,sprspec_67,sprspec_68,sprspec_69,sprspec_70,sprspec_71,sprspec_72,sprspec_73,sprspec_74,sprspec_75,sprspec_76,sprspec_77,sprspec_78,sprspec_79,sprspec_80,sprspec_81,sprspec_82,sprspec_83,sprspec_84,sprspec_85,sprspec_86,sprspec_87,sprspec_88,sprspec_89,sprspec_90,sprspec_91,sprspec_92,sprspec_93,sprspec_94,sprspec_95,sprspec_96,sprspec_97,sprspec_98,sprspec_99
2022-09-30 17:40:00+00:00,0.0156,0.0195,0.0,0.0,-0.0117,-0.0195,-0.0547,-0.0703,-0.082,-0.1016,-0.1172,-0.1328,-0.1406,-0.1992,-0.1797,-0.1523,-0.1641,-0.125,-0.1211,-0.125,-0.1445,-0.1328,-0.1328,-0.1641,-0.207,-0.1797,-0.1797,-0.2188,-0.2344,-0.2422,-0.2539,-0.2617,-0.2656,-0.2656,-0.25,-0.2539,-0.25,-0.2305,-0.25,-0.2227,-0.25,-0.2578,-0.2383,-0.2109,-0.2266,-0.2617,-0.3008,-0.293,-0.3047,-0.3086,-0.3086,-0.3047,-0.3047,-0.2852,-0.2773,-0.2656,-0.2539,-0.2578,-0.2227,-0.2109,-0.1992,-0.1836,-0.168,-0.1641,-0.1563,-0.1328,-0.0469,-0.0508,-0.0391,-0.0156,0.0195,0.0313,0.0703,0.1094,0.1328,0.1523,0.1719,0.1992,0.2227,0.2656,0.3164,0.3164,0.332,0.3477,0.3594,0.3672,0.3789,0.3789,0.4023,0.4023,0.4219,0.4609,0.4375,0.4688,0.4766,0.4844,0.5078,0.5234,0.5547,0.5781,-0.0938,-0.0938,-0.0898,-0.0859,-0.0859,-0.082,-0.2773,0.1094,0.207,0.2656,0.2891,0.3242,0.3242,0.2695,0.2813,0.2891,0.2539,0.2109,0.1953,0.1641,0.1797,0.1445,0.168,0.2031,0.1992,0.2188,0.2031,0.2227,0.2578,0.2578,0.2578,0.2578,0.2188,0.1953,0.1133,0.0977,0.0273,0.0039,-0.0469,-0.1484,-0.2305,-0.2695,-0.3008,-0.3555,-0.2813,-0.2656,-0.2539,-0.2461,-0.3164,-0.3008,-0.3633,-0.375,-0.4219,-0.4766,-0.4961,-0.5234,-0.5391,-0.5313,-0.5742,-0.5898,-0.5977,-0.6328,-0.625,-0.6289,-0.6328,-0.5938,-0.5508,-0.4766,-0.4102,-0.3945,-0.4258,-0.4219,-0.4063,-0.3594,-0.3984,-0.3945,-0.4063,-0.4063,-0.3828,-0.3438,-0.3594,-0.3438,-0.3281,-0.2773,-0.2617,-0.2852,-0.2773,-0.2695,-0.25,-0.207,-0.1641,-0.0898,-0.0938,-0.0781,-0.0781,-0.0742,-0.0703,-0.0352,0.0313,0.0586,0.0039,-0.0039,-0.0156,-0.0117,-0.0234,-0.0195,-0.0508,-0.0352,-0.043,-0.0313,-0.0352,-0.0195,-0.0195,-0.043,-0.0156,-0.0117,-0.0117,0.0391,0.0469,0.0586,0.0352,0.0313,0.0195,0.0117,-0.0391,-0.0742,-0.0547,-0.0781,-0.0781,-0.0703,-0.0977,-0.082,-0.082,-0.0313,0.0898,0.1016,0.1367,0.2109,0.2461,0.2969,0.3555,0.3711,0.4258,0.4688,0.4805,0.4922,0.5195,0.5156,0.5586,0.5625,0.6055,0.5977,0.6406,0.6406,0.6719,0.6992,0.7031,0.6875,0.6914,0.6992,0.7031,0.7148,0.6914,0.6602,0.6563,0.6289,0.6328,0.5859,0.5625,0.5391,0.543,0.5234,0.5195,0.5156,0.4961,0.5195,0.5313,0.5508,0.5508,0.5625,0.5664,0.5703,0.5781,0.5703,0.5664,0.5859,0.6016,0.5703,0.5664,0.5508,0.5313,0.5039,0.5078,0.5039,0.5,0.4922,0.5078,0.5,0.4688,0.4883,-0.6953,-0.6914,-0.6836,-0.6797,-0.668,-0.6641,0.0313,0.3008,0.3086,0.2422,0.2383,0.2109,0.2109,0.1992,0.2031,0.2148,0.1953,0.1953,0.2109,0.2305,0.25,0.3164,0.3594,0.3711,0.375,0.3828,0.4219,0.3984,0.3945,0.4219,0.4141,0.4102,0.4375,0.3906,0.3203,0.332,0.3242,0.3281,0.3477,0.3398,0.2461,0.2109,0.1602,0.1602,0.1133,0.0234,-0.1016,-0.0938,-0.1484,-0.1367,-0.1992,-0.2383,-0.3164,-0.3164,-0.3477,-0.3125,-0.3203,-0.3242,-0.2617,-0.2422,-0.2344,-0.2148,-0.1758,-0.1523,-0.1172,-0.043,0.1758,0.2344,0.2578,0.3047,0.2891,0.3047,0.2969,0.3477,0.3867,0.4141,0.4258,0.457,0.4805,0.4883,0.5313,0.5352,0.5625,0.5703,0.5625,0.5977,0.6016,0.5938,0.5938,0.6055,0.5898,0.5977,0.5781,0.5664,0.582,0.5859,0.6055,0.6133,0.6133,0.6484,0.0,0.0,0.0,0.0,0.0,0.0,0.0,0.0,0.0,0.0,0.0,0.0,0.0,0.0,0.0,0.0,0.0,0.0,0.0,0.0,0.0,0.0,0.0,0.0,0.0,0.0,0.0,0.0,0.00061,0.00061,0.00061,0.00061,0.00061,0.00061,0.00061,0.00061,0.00061,0.00061,0.001221,0.001221,0.001221,0.001831,0.001831,0.001831,0.002441,0.003052,0.003052,0.003052,0.003662,0.004272,0.004883,0.004883,0.006104,0.006104,0.007324,0.007935,0.008545,0.009155,0.010376,0.010986,0.011597,0.012207,0.012207,0.012207,0.012207,0.011597,0.012817,0.012817,0.012817,0.012817,0.012207,0.011597,0.011597,0.012207,0.011597,0.012207,0.012817,0.014038,0.014038,0.013428,0.013428,0.013428,0.013428,0.012817,0.012817,0.012817,0.011597,0.011597,0.010986,0.010986,0.009155,0.009155,0.008545,0.008545,0.007935,0.007935,0.007324,0.007324,0.006714,0.007324,249.60938,280.54688,3.16406,3.51563,28.47656,41.48438,48.16406,63.63281,62.57813,73.82813,73.82813,81.5625,81.91406,77.69531,84.72656,85.42969,85.07813,107.22656,111.09375,114.96094,104.0625,103.35938,98.08594,93.51563,79.10156,67.85156,73.125,70.66406,71.71875,73.82813,69.25781,72.42188,72.77344,83.67188,109.6875,111.44531,119.17969,132.53906,134.29688,143.08594,144.49219,145.19531,150.82031,155.74219,154.6875,151.875,149.76563,150.11719,151.52344,151.17188,152.92969,152.92969,154.33594,156.09375,157.5,159.25781,160.3125,159.60938,162.07031,163.47656,164.17969,165.58594,166.64063,165.9375,166.64063,168.04688,175.78125,175.07813,175.78125,178.59375,182.10938,183.16406,187.73438,191.95313,194.76563,196.52344,198.28125,199.6875,202.14844,205.3125,209.17969,208.82813,209.88281,211.28906,212.34375,211.99219,211.99219,213.39844,215.50781,216.21094,218.32031,222.1875,220.78125,222.89063,223.59375,224.64844,225.0,226.40625,229.57031,229.92188,80.5078,80.1563,80.5078,80.5078,80.1563,79.8047,78.0469,77.6953,76.9922,76.6406,75.9375,75.2344,75.2344,72.4219,73.4766,74.5313,74.1797,75.5859,75.5859,75.2344,74.8828,75.2344,75.2344,74.1797,72.0703,72.7734,73.125,71.0156,70.3125,69.9609,69.2578,68.9063,68.9063,69.6094,69.2578,69.2578,68.5547,67.1484,65.3906,64.3359,60.8203,60.1172,58.0078,56.6016,55.5469,53.7891,51.3281,51.6797,48.8672,48.5156,45.7031,46.4063,43.5938,44.2969,42.5391,40.7813,40.7813,41.8359,42.1875,42.1875,42.1875,41.4844,43.5938,45.7031,46.4063,48.5156,48.8672,52.0313,53.4375,55.1953,54.8438,55.8984,55.8984,55.8984,56.6016,54.8438,53.7891,52.3828,51.6797,49.9219,47.8125,47.8125,46.7578,46.7578,46.7578,45.0,43.5938,45.3516,44.6484,45.7031,46.0547,45.7031,46.4063,45.3516,45.0,45.0,43.2422,42.5391,42.5391,39.7266
2022-09-30 17:50:00+00:00,0.0664,0.1133,0.1406,0.1797,0.1797,0.1914,0.3516,0.4336,0.4688,0.4844,0.4648,0.4727,0.4727,0.4453,0.4141,0.375,0.3438,0.3398,0.3516,0.3281,0.3633,0.3789,0.3633,0.3711,0.3203,0.3086,0.293,0.2578,0.2305,0.1836,0.1055,0.0664,0.0117,-0.0352,-0.1289,-0.1602,-0.1406,-0.1367,-0.1953,-0.1953,-0.207,-0.207,-0.2305,-0.1992,-0.2109,-0.2266,-0.2422,-0.2148,-0.2813,-0.3047,-0.3047,-0.2852,-0.2695,-0.2734,-0.2656,-0.2305,-0.2109,-0.1992,-0.1914,-0.1875,-0.1797,-0.1602,-0.1523,-0.1094,-0.1016,-0.0547,0.0352,0.0391,0.0586,0.0859,0.1367,0.1758,0.2031,0.2227,0.2422,0.2734,0.2969,0.3008,0.3125,0.3555,0.3672,0.3672,0.375,0.3789,0.3789,0.3867,0.3867,0.4063,0.4023,0.4375,0.4258,0.4141,0.418,0.4492,0.4648,0.4648,0.4766,0.4805,0.5117,0.5078,-0.0156,0.0078,0.0313,0.043,0.0508,0.0586,-0.0039,0.4336,0.6211,0.6914,0.7109,0.7266,0.7266,0.7227,0.6914,0.6445,0.6445,0.6016,0.5625,0.5234,0.4922,0.4766,0.4648,0.4688,0.4375,0.4609,0.4922,0.4961,0.5078,0.5,0.5,0.4844,0.457,0.4531,0.4375,0.4023,0.3555,0.2773,0.2266,0.1797,0.0,-0.0859,-0.1367,-0.1875,-0.2031,-0.2109,-0.2227,-0.3438,-0.3242,-0.375,-0.4375,-0.4336,-0.4844,-0.5,-0.5547,-0.6289,-0.6602,-0.6602,-0.6641,-0.6953,-0.6563,-0.6758,-0.6406,-0.6445,-0.6484,-0.6484,-0.5977,-0.5391,-0.5078,-0.4414,-0.375,-0.3477,-0.3594,-0.3359,-0.3398,-0.332,-0.3125,-0.3086,-0.2617,-0.2695,-0.2734,-0.2578,-0.2617,-0.2695,-0.2422,-0.2344,-0.2461,-0.2266,-0.2695,-0.1875,-0.1602,-0.1367,-0.0977,-0.1094,-0.0898,-0.0781,-0.0352,-0.0469,-0.0313,-0.0508,-0.0156,-0.0313,-0.0313,-0.0234,-0.0234,-0.0234,-0.0469,-0.0508,-0.0664,-0.0547,-0.0664,-0.0625,-0.0586,-0.0313,-0.0391,-0.0352,-0.0508,-0.0273,-0.0039,0.0117,0.0078,0.0078,0.0156,0.043,0.0625,0.043,0.0547,0.0234,0.0273,0.0391,-0.0039,-0.0234,-0.0156,0.0313,0.0977,0.1211,0.1484,0.1953,0.1914,0.2383,0.3516,0.3789,0.3984,0.4336,0.4766,0.4766,0.5,0.5664,0.582,0.6289,0.6445,0.6602,0.668,0.6719,0.7109,0.7461,0.7617,0.7461,0.7539,0.7656,0.75,0.7539,0.7305,0.6953,0.6836,0.6758,0.6758,0.6406,0.6289,0.6133,0.5859,0.5703,0.5742,0.5703,0.5586,0.5898,0.5703,0.5664,0.543,0.5586,0.5703,0.5703,0.5703,0.582,0.5625,0.5625,0.5898,0.5703,0.5859,0.5781,0.5742,0.5586,0.543,0.5508,0.5508,0.5547,0.5586,0.5586,0.5586,0.5742,-0.3555,-0.3516,-0.3398,-0.332,-0.332,-0.3242,0.0547,-0.0078,0.0039,-0.0234,-0.082,-0.0938,-0.0898,-0.0078,0.0078,-0.0117,-0.0156,-0.0273,0.0078,0.0391,0.0,0.0234,0.0938,0.1875,0.1875,0.1797,0.1563,0.1836,0.2266,0.2656,0.2695,0.2656,0.2305,0.207,0.1406,0.1289,0.1484,0.168,0.1797,0.168,0.0313,0.0898,0.0352,0.0664,0.0547,0.0195,-0.0195,-0.0703,-0.1797,-0.2773,-0.3047,-0.2852,-0.25,-0.2734,-0.2969,-0.2578,-0.2344,-0.2031,-0.2188,-0.2227,-0.1953,-0.1797,-0.1211,0.0,-0.0156,0.0742,0.2344,0.2695,0.2969,0.332,0.3594,0.4023,0.3984,0.4102,0.4063,0.4297,0.4609,0.4805,0.4844,0.5,0.5039,0.5156,0.5313,0.5625,0.5859,0.5859,0.6289,0.625,0.6016,0.6367,0.6055,0.582,0.582,0.6055,0.6055,0.6172,0.6289,0.6211,0.6563,0.6602,0.0,0.0,0.0,0.0,0.0,0.0,0.0,0.0,0.00061,0.00061,0.00061,0.00061,0.00061,0.00061,0.00061,0.00061,0.00061,0.00061,0.00061,0.00061,0.00061,0.00061,0.00061,0.00061,0.00061,0.00061,0.00061,0.00061,0.00061,0.00061,0.00061,0.00061,0.00061,0.00061,0.00061,0.00061,0.00061,0.001221,0.001221,0.001221,0.001831,0.001831,0.001831,0.001831,0.002441,0.003052,0.003052,0.003662,0.004272,0.004883,0.005493,0.006104,0.006714,0.007324,0.008545,0.009766,0.010986,0.010986,0.012817,0.013428,0.014038,0.014038,0.014038,0.014648,0.014648,0.015259,0.015869,0.015259,0.014648,0.014648,0.014038,0.013428,0.012817,0.013428,0.013428,0.013428,0.013428,0.013428,0.012207,0.012207,0.012207,0.012207,0.012207,0.011597,0.011597,0.010986,0.011597,0.011597,0.010986,0.010376,0.009766,0.009155,0.008545,0.008545,0.008545,0.008545,0.008545,0.007935,0.007935,0.007324,283.71094,285.11719,283.00781,277.03125,277.38281,277.38281,277.73438,276.32813,277.73438,276.67969,278.4375,277.38281,277.03125,274.21875,275.27344,275.625,278.08594,274.92188,270.35156,267.89063,268.59375,268.94531,267.89063,263.67188,259.10156,261.91406,259.45313,264.375,263.67188,258.39844,271.40625,288.63281,325.54688,131.13281,127.26563,127.26563,136.05469,145.19531,134.29688,140.97656,149.41406,151.17188,150.11719,155.39063,156.09375,154.6875,154.33594,159.25781,154.33594,154.33594,154.6875,156.79688,158.20313,157.85156,159.60938,162.77344,164.53125,164.88281,165.58594,166.28906,166.64063,168.04688,168.04688,170.85938,171.5625,175.42969,182.8125,183.51563,185.27344,188.08594,193.00781,197.22656,199.6875,201.44531,203.20313,204.96094,207.42188,208.125,209.88281,212.34375,212.69531,212.69531,213.39844,213.39844,214.10156,214.45313,213.39844,215.15625,214.45313,216.91406,216.5625,216.5625,217.61719,219.02344,220.07813,220.07813,220.42969,220.78125,222.53906,221.48438,78.0469,75.9375,74.8828,73.4766,73.125,72.7734,65.0391,60.8203,58.7109,58.0078,59.0625,58.7109,58.7109,60.1172,61.875,63.9844,65.3906,65.7422,65.3906,66.4453,64.6875,63.6328,64.6875,64.3359,66.4453,67.1484,67.8516,69.6094,71.0156,73.125,76.6406,78.0469,80.1563,79.1016,74.1797,72.4219,72.4219,70.6641,68.9063,67.5,62.2266,61.1719,59.4141,58.7109,56.25,55.8984,53.7891,50.9766,48.1641,44.6484,43.2422,43.2422,42.8906,42.1875,39.7266,37.9688,37.2656,38.6719,37.9688,37.2656,38.6719,38.6719,40.7813,44.2969,45.0,46.0547,46.0547,48.5156,49.2188,49.9219,51.3281,51.3281,50.625,50.625,50.625,48.1641,48.5156,48.5156,49.5703,47.1094,45.7031,46.0547,45.7031,44.6484,46.0547,45.7031,43.9453,44.2969,43.5938,42.5391,43.2422,45.0,45.7031,43.5938,42.5391,42.5391,41.4844,41.4844,39.7266,39.375
2022-09-30 18:00:00+00:00,0.0703,0.0938,0.1289,0.1445,0.1445,0.1406,0.2695,0.3516,0.3633,0.3945,0.3789,0.3984,0.3906,0.3867,0.3555,0.3125,0.2969,0.332,0.3008,0.293,0.3359,0.3203,0.3594,0.3242,0.2578,0.2734,0.2344,0.207,0.2266,0.1406,0.0586,0.0469,-0.0391,-0.0352,-0.0977,-0.1172,-0.1133,-0.1523,-0.1719,-0.168,-0.2031,-0.2578,-0.2656,-0.25,-0.2383,-0.2461,-0.2578,-0.2266,-0.2891,-0.2813,-0.2734,-0.2539,-0.25,-0.2188,-0.207,-0.2266,-0.2031,-0.1953,-0.1875,-0.1953,-0.1523,-0.1445,-0.1367,-0.0781,-0.0508,-0.0195,0.0,0.0273,0.0938,0.1484,0.1758,0.2031,0.2344,0.2344,0.2695,0.2813,0.2773,0.3047,0.3047,0.3242,0.3359,0.3242,0.3281,0.3203,0.3398,0.3633,0.3672,0.3828,0.3906,0.4141,0.4258,0.418,0.4297,0.4414,0.4453,0.4766,0.4688,0.4883,0.5117,0.5,-0.4102,-0.3828,-0.3594,-0.3438,-0.3398,-0.3281,-0.1758,0.3984,0.5313,0.5664,0.5859,0.5938,0.6016,0.5859,0.5664,0.5313,0.5391,0.5117,0.4375,0.4219,0.3477,0.3281,0.3242,0.2852,0.2617,0.2852,0.2617,0.2617,0.2734,0.2422,0.2617,0.2617,0.2461,0.2461,0.1719,0.1445,0.1758,0.168,0.1367,0.082,0.0039,-0.0625,-0.1328,-0.1406,-0.1992,-0.2383,-0.2734,-0.3398,-0.3047,-0.375,-0.4258,-0.4063,-0.4492,-0.4805,-0.5156,-0.5508,-0.5898,-0.6055,-0.6406,-0.6602,-0.6602,-0.6172,-0.6016,-0.6094,-0.5664,-0.5938,-0.5586,-0.5313,-0.4805,-0.4414,-0.3633,-0.3359,-0.2813,-0.3086,-0.3281,-0.3242,-0.3164,-0.3242,-0.2891,-0.2813,-0.2813,-0.2539,-0.2813,-0.3398,-0.332,-0.3164,-0.3086,-0.2539,-0.2578,-0.2266,-0.1563,-0.1406,-0.1016,-0.1211,-0.125,0.0,-0.0117,-0.0117,-0.0195,-0.0156,-0.0039,-0.0195,-0.0078,-0.0078,-0.0195,-0.0195,-0.0313,-0.0625,-0.0586,-0.0742,-0.0703,-0.0586,-0.0664,-0.0508,-0.043,-0.0938,-0.0664,-0.0273,-0.0469,-0.0078,-0.0078,-0.0313,0.0117,0.0039,-0.0117,-0.0078,-0.0313,-0.0625,-0.0508,-0.0469,-0.0547,-0.0586,-0.0391,0.0352,0.0938,0.1406,0.1758,0.2227,0.2383,0.3086,0.3711,0.418,0.457,0.4375,0.4492,0.4883,0.5039,0.5234,0.5352,0.5859,0.6055,0.6055,0.6172,0.625,0.6328,0.6797,0.7109,0.7031,0.7227,0.7305,0.7344,0.707,0.6797,0.6836,0.6719,0.6797,0.6758,0.6445,0.6289,0.6406,0.6133,0.6016,0.5742,0.5938,0.6016,0.6055,0.5977,0.5938,0.5742,0.5859,0.6016,0.5664,0.5664,0.5742,0.5742,0.5547,0.5586,0.5625,0.5586,0.5508,0.5352,0.5156,0.4922,0.5039,0.5234,0.4883,0.5,0.5039,0.5313,0.5352,-0.3984,-0.3984,-0.3867,-0.3789,-0.3789,-0.3711,0.1914,-0.0234,-0.0117,-0.0547,-0.1094,-0.082,-0.0781,0.0078,0.0664,0.0,0.0469,0.0898,0.0391,0.1484,0.1602,0.1094,0.2578,0.2695,0.2891,0.3164,0.3008,0.3594,0.4063,0.3555,0.3594,0.3516,0.2695,0.332,0.2773,0.2383,0.2422,0.1836,0.1797,0.168,0.0469,0.0117,-0.0039,-0.0039,0.0664,-0.0469,-0.0547,-0.0273,-0.1328,-0.1953,-0.2227,-0.1914,-0.1914,-0.1758,-0.1992,-0.2656,-0.2461,-0.2578,-0.2539,-0.2773,-0.168,-0.1367,-0.0898,-0.0195,0.0195,0.1055,0.1367,0.1953,0.3203,0.3906,0.4023,0.4336,0.4648,0.4531,0.4453,0.4844,0.4922,0.5117,0.5,0.5117,0.5,0.4609,0.4453,0.4531,0.5117,0.5313,0.5898,0.5977,0.5859,0.5898,0.5859,0.5742,0.582,0.5977,0.5859,0.5547,0.5313,0.5469,0.582,0.5469,0.0,0.0,0.00061,0.00061,0.00061,0.00061,0.00061,0.00061,0.00061,0.00061,0.00061,0.00061,0.00061,0.00061,0.00061,0.00061,0.00061,0.00061,0.00061,0.00061,0.00061,0.00061,0.00061,0.00061,0.00061,0.00061,0.00061,0.00061,0.00061,0.00061,0.00061,0.00061,0.00061,0.00061,0.00061,0.001221,0.001221,0.001221,0.001221,0.001831,0.001831,0.002441,0.002441,0.003052,0.003052,0.003052,0.003662,0.004272,0.004883,0.005493,0.005493,0.006104,0.006714,0.006714,0.007324,0.008545,0.009766,0.009766,0.011597,0.012207,0.013428,0.012817,0.012817,0.014038,0.014038,0.015869,0.015869,0.015259,0.014648,0.015869,0.015259,0.014648,0.014038,0.014648,0.015259,0.015259,0.014038,0.013428,0.012817,0.012817,0.012817,0.012207,0.011597,0.010986,0.010376,0.009766,0.009155,0.009155,0.008545,0.008545,0.007935,0.007324,0.006714,0.006104,0.006714,0.006104,0.006104,0.006104,0.006104,0.006104,273.86719,282.30469,273.51563,273.51563,277.03125,278.78906,276.67969,279.84375,278.78906,280.54688,280.54688,278.4375,279.49219,277.73438,277.03125,286.52344,283.00781,274.92188,278.78906,271.75781,271.40625,275.27344,267.89063,269.64844,272.8125,272.10938,277.03125,286.875,282.30469,287.92969,311.13281,320.625,43.94531,134.29688,133.24219,139.57031,146.60156,145.89844,144.14063,151.52344,151.17188,148.35938,150.11719,150.11719,152.22656,153.28125,152.92969,156.79688,151.52344,154.33594,155.74219,157.14844,158.20313,160.66406,162.07031,161.36719,163.82813,164.53125,165.58594,164.88281,168.39844,168.39844,168.75,173.32031,175.78125,178.24219,180.0,182.46094,188.4375,193.00781,195.82031,198.98438,202.14844,201.44531,203.90625,204.96094,204.96094,207.07031,207.77344,208.82813,209.17969,209.88281,210.23438,209.17969,210.58594,213.04688,213.04688,214.10156,215.15625,216.91406,218.67188,219.02344,220.78125,221.13281,220.42969,224.29688,223.24219,223.94531,223.94531,223.24219,78.0469,76.9922,75.5859,74.8828,74.8828,75.2344,69.2578,65.0391,64.3359,62.5781,63.6328,62.5781,62.9297,63.2813,65.0391,66.4453,67.5,66.0938,67.5,68.2031,66.0938,66.7969,64.6875,66.4453,69.6094,68.9063,70.6641,71.7188,71.0156,74.8828,77.6953,78.0469,78.75,79.1016,75.2344,73.125,72.0703,69.2578,68.2031,65.3906,61.5234,57.6563,55.5469,56.9531,56.9531,54.4922,53.0859,53.0859,50.625,47.8125,46.7578,47.4609,46.7578,47.1094,46.7578,43.2422,41.4844,42.1875,40.7813,39.7266,40.4297,42.8906,44.6484,45.3516,46.4063,46.0547,46.0547,48.1641,48.8672,47.4609,48.8672,48.8672,49.9219,48.8672,47.4609,46.7578,47.4609,46.7578,47.8125,46.7578,45.3516,47.8125,47.4609,47.4609,46.7578,47.1094,46.7578,45.7031,45.7031,45.0,45.7031,47.1094,47.8125,46.7578,45.3516,45.7031,45.7031,44.2969,41.4844,42.1875
