observe_time,a1_0,a1_1,a1_2,a1_3,a1_4,a1_5,a1_6,a1_7,a1_8,a1_9,a1_10,a1_11,a1_12,a1_13,a1_14,a1_15,a1_16,a1_17,a1_18,a1_19,a1_20,a1_21,a1_22,a1_23,a1_24,a1_25,a1_26,a1_27,a1_28,a1_29,a1_30,a1_31,a1_32,a1_33,a1_34,a1_35,a1_36,a1_37,a1_38,a1_39,a1_40,a1_41,a1_42,a1_43,a1_44,a1_45,a1_46,a1_47,a1_48,a1_49,a1_50,a1_51,a1_52,a1_53,a1_54,a1_55,a1_56,a1_57,a1_58,a1_59,a1_60,a1_61,a1_62,a1_63,a1_64,a1_65,a1_66,a1_67,a1_68,a1_69,a1_70,a1_71,a1_72,a1_73,a1_74,a1_75,a1_76,a1_77,a1_78,a1_79,a1_80,a1_81,a1_82,a1_83,a1_84,a1_85,a1_86,a1_87,a1_88,a1_89,a1_90,a1_91,a1_92,a1_93,a1_94,a1_95,a1_96,a1_97,a1_98,a1_99,a2_0,a2_1,a2_2,a2_3,a2_4,a2_5,a2_6,a2_7,a2_8,a2_9,a2_10,a2_11,a2_12,a2_13,a2_14,a2_15,a2_16,a2_17,a2_18,a2_19,a2_20,a2_21,a2_22,a2_23,a2_24,a2_25,a2_26,a2_27,a2_28,a2_29,a2_30,a2_31,a2_32,a2_33,a2_34,a2_35,a2_36,a2_37,a2_38,a2_39,a2_40,a2_41,a2_42,a2_43,a2_44,a2_45,a2_46,a2_47,a2_48,a2_49,a2_50,a2_51,a2_52,a2_53,a2_54,a2_55,a2_56,a2_57,a2_58,a2_59,a2_60,a2_61,a2_62,a2_63,a2_64,a2_65,a2_66,a2_67,a2_68,a2_69,a2_70,a2_71,a2_72,a2_73,a2_74,a2_75,a2_76,a2_77,a2_78,a2_79,a2_80,a2_81,a2_82,a2_83,a2_84,a2_85,a2_86,a2_87,a2_88,a2_89,a2_90,a2_91,a2_92,a2_93,a2_94,a2_95,a2_96,a2_97,a2_98,a2_99,b1_0,b1_1,b1_2,b1_3,b1_4,b1_5,b1_6,b1_7,b1_8,b1_9,b1_10,b1_11,b1_12,b1_13,b1_14,b1_15,b1_16,b1_17,b1_18,b1_19,b1_20,b1_21,b1_22,b1_23,b1_24,b1_25,b1_26,b1_27,b1_28,b1_29,b1_30,b1_31,b1_32,b1_33,b1_34,b1_35,b1_36,b1_37,b1_38,b1_39,b1_40,b1_41,b1_42,b1_43,b1_44,b1_45,b1_46,b1_47,b1_48,b1_49,b1_50,b1_51,b1_52,b1_53,b1_54,b1_55,b1_56,b1_57,b1_58,b1_59,b1_60,b1_61,b1_62,b1_63,b1_64,b1_65,b1_66,b1_67,b1_68,b1_69,b1_70,b1_71,b1_72,b1_73,b1_74,b1_75,b1_76,b1_77,b1_78,b1_79,b1_80,b1_81,b1_82,b1_83,b1_84,b1_85,b1_86,b1_87,b1_88,b1_89,b1_90,b1_91,b1_92,b1_93,b1_94,b1_95,b1_96,b1_97,b1_98,b1_99,b2_0,b2_1,b2_2,b2_3,b2_4,b2_5,b2_6,b2_7,b2_8,b2_9,b2_10,b2_11,b2_12,b2_13,b2_14,b2_15,b2_16,b2_17,b2_18,b2_19,b2_20,b2_21,b2_22,b2_23,b2_24,b2_25,b2_26,b2_27,b2_28,b2_29,b2_30,b2_31,b2_32,b2_33,b2_34,b2_35,b2_36,b2_37,b2_38,b2_39,b2_40,b2_41,b2_42,b2_43,b2_44,b2_45,b2_46,b2_47,b2_48,b2_49,b2_50,b2_51,b2_52,b2_53,b2_54,b2_55,b2_56,b2_57,b2_58,b2_59,b2_60,b2_61,b2_62,b2_63,b2_64,b2_65,b2_66,b2_67,b2_68,b2_69,b2_70,b2_71,b2_72,b2_73,b2_74,b2_75,b2_76,b2_77,b2_78,b2_79,b2_80,b2_81,b2_82,b2_83,b2_84,b2_85,b2_86,b2_87,b2_88,b2_89,b2_90,b2_91,b2_92,b2_93,b2_94,b2_95,b2_96,b2_97,b2_98,b2_99,hspec_0,hspec_1,hspec_2,hspec_3,hspec_4,hspec_5,hspec_6,hspec_7,hspec_8,hspec_9,hspec_10,hspec_11,hspec_12,hspec_13,hspec_14,hspec_15,hspec_16,hspec_17,hspec_18,hspec_19,hspec_20,hspec_21,hspec_22,hspec_23,hspec_24,hspec_25,hspec_26,hspec_27,hspec_28,hspec_29,hspec_30,hspec_31,hspec_32,hspec_33,hspec_34,hspec_35,hspec_36,hspec_37,hspec_38,hspec_39,hspec_40,hspec_41,hspec_42,hspec_43,hspec_44,hspec_45,hspec_46,hspec_47,hspec_48,hspec_49,hspec_50,hspec_51,hspec_52,hspec_53,hspec_54,hspec_55,hspec_56,hspec_57,hspec_58,hspec_59,hspec_60,hspec_61,hspec_62,hspec_63,hspec_64,hspec_65,hspec_66,hspec_67,hspec_68,hspec_69,hspec_70,hspec_71,hspec_72,hspec_73,hspec_74,hspec_75,hspec_76,hspec_77,hspec_78,hspec_79,hspec_80,hspec_81,hspec_82,hspec_83,hspec_84,hspec_85,hspec_86,hspec_87,hspec_88,hspec_89,hspec_90,hspec_91,hspec_92,hspec_93,hspec_94,hspec_95,hspec_96,hspec_97,hspec_98,hspec_99,dspec_0,dspec_1,dspec_2,dspec_3,dspec_4,dspec_5,dspec_6,dspec_7,dspec_8,dspec_9,dspec_10,dspec_11,dspec_12,dspec_13,dspec_14,dspec_15,dspec_16,dspec_17,dspec_18,dspec_19,dspec_20,dspec_21,dspec_22,dspec_23,dspec_24,dspec_25,dspec_26,dspec_27,dspec_28,dspec_29,dspec_30,dspec_31,dspec_32,dspec_33,dspec_34,dspec_35,dspec_36,dspec_37,dspec_38,dspec_39,dspec_40,dspec_41,dspec_42,dspec_43,dspec_44,dspec_45,dspec_46,dspec_47,dspec_48,dspec_49,dspec_50,dspec_51,dspec_52,dspec_53,dspec_54,dspec_55,dspec_56,dspec_57,dspec_58,dspec_59,dspec_60,dspec_61,dspec_62,dspec_63,dspec_64,dspec_65,dspec_66,dspec_67,dspec_68,dspec_69,dspec_70,dspec_71,dspec_72,dspec_73,dspec_74,dspec_75,dspec_76,dspec_77,dspec_78,dspec_79,dspec_80,dspec_81,dspec_82,dspec_83,dspec_84,dspec_85,dspec_86,dspec_87,dspec_88,dspec_89,dspec_90,dspec_91,dspec_92,dspec_93,dspec_94,dspec_95,dspec_96,dspec_97,dspec_98,dspec_99,sprspec_0,sprspec_1,sprspec_2,sprspec_3,sprspec_4,sprspec_5,sprspec_6,sprspec_7,sprspec_8,sprspec_9,sprspec_10,sprspec_11,sprspec_12,sprspec_13,sprspec_14,sprspec_15,sprspec_16,sprspec_17,sprspec_18,sprspec_19,sprspec_20,sprspec_21,sprspec_22,sprspec_23,sprspec_24,sprspec_25,sprspec_26,sprspec_27,sprspec_28,sprspec_29,sprspec_30,sprspec_31,sprspec_32,sprspec_33,sprspec_34,sprspec_35,sprspec_36,sprspec_37,sprspec_38,sprspec_39,sprspec_40,sprspec_41,sprspec_42,sprspec_43,sprspec_44,sprspec_45,sprspec_46,sprspec_47,sprspec_48,sprspec_49,sprspec_50,sprspec_51,sprspec_52,sprspec_53,sprspec_54,sprspec_55,sprspec_56,sprspec_57,sprspec_58,sprspec_59,sprspec_60,sprspec_61,sprspec_62,sprspec_63,sprspec_64,sprspec_65,sprspec_66,sprspec_67,sprspec_68,sprspec_69,sprspec_70,sprspec_71,sprspec_72,sprspec_73,sprspec_74,sprspec_75,sprspec_76,sprspec_77,sprspec_78,sprspec_79,sprspec_80,sprspec_81,sprspec_82,sprspec_83,sprspec_84,sprspec_85,sprspec_86,sprspec_87,sprspec_88,sprspec_89,sprspec_90,sprspec_91,sprspec_92,sprspec_93,sprspec_94,sprspec_95,sprspec_96,sprspec_97,sprspec_98,sprspec_99
2022-09-06 02:10:00+00:00,0.0117,0.0195,0.0156,0.0195,0.0195,0.0234,0.043,0.0547,0.0586,0.0781,0.082,0.0898,0.0859,0.0391,0.0742,0.0508,0.043,0.0469,0.043,0.0703,0.0508,0.0469,0.043,0.0742,0.0703,0.0625,0.0664,0.0977,0.0781,0.1094,0.043,0.0313,0.0508,0.0078,-0.0664,-0.0313,-0.0313,-0.0352,0.0039,0.043,0.0117,-0.043,-0.0664,-0.0742,-0.0781,-0.0781,-0.0703,-0.0781,-0.0781,-0.0742,-0.0625,-0.1133,-0.1133,-0.1055,-0.0898,-0.0938,-0.0742,-0.0703,-0.1094,-0.1055,-0.1172,-0.1172,-0.1289,-0.1367,-0.1484,-0.1563,-0.1484,-0.1328,-0.125,-0.125,-0.0859,-0.0898,-0.0898,-0.0703,-0.0664,-0.0586,-0.0313,-0.0195,-0.0039,-0.0117,-0.043,-0.0625,-0.0781,-0.0703,-0.0625,-0.0625,-0.0352,-0.0234,-0.0352,-0.0352,-0.0078,0.0391,0.0781,0.1445,0.1367,0.1445,0.1563,0.1523,0.125,0.1016,-0.4102,-0.4063,-0.4023,-0.4023,-0.4023,-0.4023,-0.0352,-0.0391,-0.0859,-0.0547,-0.0273,0.0,0.0,-0.0195,-0.0547,-0.0625,0.0156,0.0547,0.0156,0.0625,0.0391,0.0313,0.0625,0.0664,0.1133,0.1914,0.2227,0.2344,0.1758,0.1211,0.1563,0.1211,0.0742,-0.1953,-0.3203,-0.3945,-0.4492,-0.5156,-0.6406,-0.6094,-0.625,-0.6133,-0.6094,-0.6406,-0.6797,-0.707,-0.7109,-0.7109,-0.6953,-0.6875,-0.6797,-0.6875,-0.6758,-0.6836,-0.7031,-0.6953,-0.6641,-0.6484,-0.5664,-0.5547,-0.5742,-0.5938,-0.5938,-0.5898,-0.5898,-0.5938,-0.5742,-0.5313,-0.5313,-0.5352,-0.5469,-0.5273,-0.5195,-0.5352,-0.5469,-0.5273,-0.5039,-0.5078,-0.4766,-0.4805,-0.457,-0.4141,-0.3711,-0.3711,-0.3672,-0.3281,-0.2813,-0.2539,-0.2383,-0.1992,-0.1484,-0.1758,-0.1445,-0.1914,-0.2109,-0.1914,-0.1875,-0.1719,-0.1719,-0.2109,0.0078,0.0117,0.0,0.0,-0.0039,-0.0078,-0.0156,-0.0391,-0.0508,-0.0586,-0.0625,-0.0703,-0.0859,-0.1328,-0.1953,-0.1445,-0.1523,-0.1211,-0.0781,-0.0234,-0.0078,0.0313,0.0391,0.0234,0.0313,0.0469,0.1328,0.1758,0.2305,0.293,0.293,0.3398,0.3906,0.5703,0.6758,0.7344,0.7617,0.7969,0.8633,0.8555,0.8398,0.8359,0.8359,0.8477,0.8633,0.8711,0.875,0.875,0.8711,0.8711,0.8672,0.875,0.8711,0.8711,0.875,0.875,0.8594,0.8555,0.8242,0.8164,0.8242,0.8359,0.8359,0.832,0.8281,0.8281,0.8203,0.8047,0.8008,0.8008,0.8086,0.8047,0.8086,0.8047,0.8086,0.8047,0.8008,0.7969,0.7891,0.793,0.793,0.7852,0.7695,0.7695,0.7656,0.75,0.7266,0.7148,0.7109,0.6953,0.6758,0.6797,0.6602,0.6758,0.6719,0.6719,0.6641,0.6563,0.6641,0.6836,-0.1992,-0.1992,-0.1992,-0.1953,-0.1953,-0.1953,-0.1914,0.2422,-0.0391,-0.0273,0.043,-0.0078,-0.0039,-0.0586,-0.0234,-0.0391,-0.0742,-0.082,-0.0742,-0.1133,-0.1016,-0.0859,-0.1055,-0.0547,-0.0742,-0.0625,-0.1211,-0.0586,-0.0547,-0.0117,0.0039,0.0117,0.0273,-0.0742,-0.2031,-0.1836,-0.2188,-0.2305,-0.0938,-0.0273,-0.1367,-0.2422,-0.2891,-0.2969,-0.2891,-0.2617,-0.25,-0.2656,-0.2578,-0.2539,-0.2305,-0.2969,-0.2813,-0.2734,-0.25,-0.2578,-0.25,-0.2383,-0.3281,-0.3281,-0.3438,-0.3281,-0.3242,-0.3359,-0.3594,-0.3672,-0.3633,-0.3398,-0.3242,-0.3047,-0.2188,-0.207,-0.1992,-0.1797,-0.1797,-0.1563,-0.0938,-0.0781,-0.0586,-0.082,-0.1172,-0.1602,-0.1992,-0.1953,-0.1914,-0.1836,-0.1328,-0.125,-0.1211,-0.1289,-0.0781,0.0117,0.0547,0.1445,0.1602,0.1641,0.1719,0.1484,0.1484,0.1211,0.00061,0.001221,0.001831,0.001831,0.001831,0.001831,0.001831,0.001831,0.001831,0.002441,0.002441,0.002441,0.002441,0.001831,0.001831,0.001831,0.001221,0.001831,0.001831,0.001221,0.001221,0.001221,0.001221,0.001221,0.001221,0.001221,0.001221,0.001831,0.001831,0.002441,0.003662,0.004272,0.005493,0.013428,0.026855,0.040283,0.053711,0.084229,0.165405,0.189819,0.214233,0.244141,0.27771,0.319824,0.358276,0.386353,0.39978,0.414429,0.413818,0.407104,0.355835,0.306396,0.300903,0.285645,0.274658,0.236206,0.200195,0.187378,0.148926,0.128784,0.128784,0.131836,0.127563,0.126953,0.123291,0.12085,0.112915,0.109253,0.101929,0.107422,0.10376,0.10376,0.106812,0.092773,0.084839,0.081787,0.081177,0.076904,0.071411,0.070801,0.06897,0.063477,0.054932,0.053101,0.049438,0.045776,0.042725,0.039673,0.037231,0.032349,0.029907,0.029297,0.026245,0.025024,0.024414,0.023193,0.021973,0.021362,0.021362,0.021362,232.73438,240.46875,263.67188,269.64844,286.875,285.82031,292.85156,304.45313,309.72656,307.26563,306.5625,308.67188,315.0,342.77344,338.90625,340.3125,344.53125,338.90625,330.82031,287.57813,278.4375,235.19531,228.86719,252.77344,244.6875,233.08594,206.36719,209.53125,198.28125,200.74219,188.08594,185.625,187.03125,181.05469,174.375,177.53906,177.53906,177.53906,180.35156,183.16406,180.70313,177.1875,175.42969,175.07813,174.72656,175.07813,175.42969,174.72656,174.72656,175.07813,175.78125,172.61719,172.61719,172.96875,174.02344,174.02344,175.07813,175.42969,172.61719,172.61719,171.91406,171.91406,171.21094,170.50781,169.80469,169.45313,169.45313,170.50781,170.85938,171.21094,174.02344,173.67188,173.67188,175.07813,175.42969,175.78125,177.89063,178.59375,179.64844,178.94531,176.83594,175.42969,174.375,174.72656,175.42969,175.07813,177.53906,177.89063,177.1875,177.1875,179.29688,183.16406,187.03125,191.95313,191.60156,192.30469,193.00781,193.00781,190.54688,188.4375,80.5078,80.1563,80.5078,80.1563,80.1563,80.1563,79.1016,78.3984,77.6953,76.9922,76.6406,76.2891,75.9375,75.2344,72.0703,74.5313,74.1797,75.5859,77.3438,78.0469,79.1016,78.75,78.75,77.6953,78.0469,77.6953,74.8828,72.4219,70.6641,67.1484,67.8516,65.7422,62.9297,53.0859,46.0547,41.8359,39.375,36.2109,29.8828,30.5859,32.3438,32.6953,32.6953,31.2891,29.5313,28.4766,28.4766,28.125,28.4766,28.8281,29.1797,27.7734,28.125,28.4766,28.125,28.125,29.8828,30.2344,33.0469,33.75,33.3984,31.9922,31.6406,32.3438,31.9922,31.9922,33.0469,34.8047,35.1563,35.1563,35.1563,35.1563,34.8047,35.5078,35.1563,35.5078,36.2109,36.2109,37.2656,36.9141,36.5625,37.6172,38.3203,38.6719,39.0234,40.4297,42.5391,43.2422,43.5938,44.6484,46.0547,45.7031,47.1094,45.0,45.3516,45.3516,45.7031,46.0547,46.0547,45.0
2022-09-06 02:20:00+00:00,-0.0039,-0.0195,-0.0039,0.0039,0.0117,0.0078,0.0234,0.0234,0.0078,0.0117,0.0117,0.0273,0.0352,0.0625,0.0742,0.0508,0.0586,0.0625,0.0703,0.0703,0.1055,0.1289,0.1172,0.1211,0.0898,0.0703,0.0664,0.0547,0.0352,0.0625,0.0586,0.082,0.0352,0.0352,-0.0352,-0.0547,-0.0977,-0.1133,-0.1016,-0.0742,-0.0977,-0.1289,-0.1289,-0.1328,-0.1289,-0.1211,-0.1055,-0.0898,-0.0859,-0.0742,-0.0703,-0.082,-0.082,-0.0703,-0.0742,-0.0742,-0.0508,-0.0703,-0.0977,-0.1172,-0.1289,-0.1406,-0.1563,-0.1641,-0.1602,-0.1211,-0.1172,-0.1055,-0.1172,-0.0977,-0.082,-0.0625,-0.0664,-0.0547,-0.0586,-0.0391,-0.0273,-0.0313,-0.0508,-0.0625,-0.0742,-0.082,-0.0859,-0.0938,-0.0742,-0.0664,-0.043,-0.0586,-0.0781,-0.0938,-0.0781,-0.0391,-0.0078,0.0195,-0.0117,-0.0078,-0.0273,-0.0039,-0.0195,-0.0195,-0.4023,-0.4102,-0.4063,-0.4063,-0.4102,-0.4102,-0.3398,-0.3945,-0.3086,-0.2461,-0.3828,-0.4375,-0.4336,-0.4141,-0.3594,-0.3672,-0.2969,-0.2305,-0.2188,-0.1641,-0.1289,-0.0938,-0.0664,0.0039,-0.0273,-0.0234,-0.043,-0.0156,-0.0664,-0.0859,-0.0391,-0.0586,-0.1172,-0.1094,-0.3828,-0.3945,-0.5,-0.4141,-0.6094,-0.6445,-0.6758,-0.6992,-0.6992,-0.7109,-0.7031,-0.7148,-0.7148,-0.7266,-0.7109,-0.7305,-0.7109,-0.7148,-0.6992,-0.6875,-0.6836,-0.668,-0.6758,-0.6602,-0.6367,-0.6289,-0.6523,-0.6328,-0.6406,-0.6211,-0.6055,-0.6406,-0.6172,-0.6289,-0.6289,-0.6406,-0.6523,-0.6172,-0.5859,-0.5898,-0.6172,-0.5742,-0.5898,-0.5352,-0.5039,-0.5234,-0.4922,-0.4961,-0.4883,-0.4727,-0.4492,-0.4336,-0.4414,-0.4297,-0.4297,-0.4297,-0.4258,-0.3906,-0.3594,-0.332,-0.2773,-0.2695,-0.2383,-0.3125,-0.25,-0.3164,0.0313,0.082,0.1055,0.1211,0.1367,0.1367,0.2383,0.3125,0.4023,0.4531,0.4961,0.5195,0.543,0.5586,0.5195,0.5078,0.4688,0.4805,0.4883,0.4688,0.4688,0.4609,0.4609,0.4297,0.4453,0.4531,0.4727,0.4531,0.5,0.5117,0.4648,0.4922,0.5352,0.5313,0.7031,0.7383,0.7969,0.7695,0.8516,0.8672,0.8711,0.8828,0.8789,0.8867,0.8867,0.8867,0.8867,0.8906,0.8828,0.8828,0.8789,0.8828,0.875,0.8711,0.8633,0.8594,0.8594,0.8555,0.8438,0.8398,0.8516,0.8438,0.8438,0.8359,0.8281,0.8359,0.832,0.832,0.8359,0.8398,0.8477,0.8398,0.832,0.8281,0.8398,0.8242,0.832,0.8164,0.8086,0.8125,0.8008,0.7969,0.7969,0.7891,0.7773,0.7734,0.7656,0.7656,0.7656,0.7695,0.7656,0.7539,0.7422,0.7305,0.707,0.7031,0.6836,0.7031,0.6758,0.7031,-0.0313,-0.0352,-0.0273,-0.0234,-0.0234,-0.0273,-0.0352,0.0625,-0.0508,0.043,0.043,0.0195,0.0156,0.0469,0.0234,-0.0313,0.0039,0.0039,0.0273,-0.0156,-0.0469,0.0078,-0.0039,0.0117,-0.0078,-0.043,-0.0156,-0.0195,-0.0625,-0.0508,-0.0547,-0.0039,-0.0156,-0.0352,-0.1328,-0.25,-0.293,-0.3516,-0.3047,-0.2422,-0.2852,-0.332,-0.3359,-0.332,-0.332,-0.3086,-0.2773,-0.2383,-0.2461,-0.2148,-0.207,-0.2266,-0.2422,-0.2305,-0.25,-0.25,-0.2266,-0.2578,-0.3125,-0.3516,-0.3477,-0.3633,-0.375,-0.3984,-0.3867,-0.3281,-0.3203,-0.2969,-0.3125,-0.2695,-0.2383,-0.168,-0.1875,-0.168,-0.1719,-0.1367,-0.1055,-0.1094,-0.125,-0.1563,-0.1758,-0.1875,-0.1797,-0.1914,-0.1445,-0.1211,-0.082,-0.0938,-0.1211,-0.1563,-0.0938,-0.043,-0.0117,0.0273,-0.0156,-0.0234,-0.0781,-0.0273,-0.0352,-0.043,0.001221,0.003052,0.004883,0.005493,0.006104,0.006104,0.006714,0.007324,0.007935,0.008545,0.009155,0.009155,0.009155,0.008545,0.007935,0.007324,0.006714,0.006714,0.006714,0.006104,0.006104,0.005493,0.005493,0.004883,0.005493,0.005493,0.004883,0.004883,0.004272,0.004272,0.004272,0.005493,0.006714,0.010376,0.018921,0.031128,0.047607,0.054932,0.128784,0.175781,0.202026,0.252686,0.273438,0.3125,0.324707,0.344238,0.36377,0.377197,0.379639,0.39978,0.36438,0.316772,0.298462,0.266113,0.258789,0.228271,0.211182,0.205688,0.189819,0.180054,0.179443,0.161133,0.155029,0.142822,0.130615,0.132446,0.132446,0.132446,0.126343,0.123901,0.117188,0.114136,0.10437,0.094604,0.092773,0.083618,0.08667,0.076904,0.072632,0.071411,0.062866,0.059814,0.055542,0.049438,0.046387,0.044556,0.043945,0.042114,0.037842,0.03479,0.03479,0.032959,0.029297,0.027466,0.026855,0.026855,0.025024,0.025635,0.023193,0.023804,170.15625,166.28906,178.24219,182.46094,184.92188,183.86719,185.625,184.57031,181.05469,181.40625,181.40625,183.16406,183.51563,186.32813,188.08594,185.625,187.03125,187.73438,188.4375,188.4375,192.65625,195.46875,194.41406,195.82031,191.60156,188.78906,188.08594,186.67969,183.86719,187.03125,187.38281,189.49219,183.51563,183.86719,177.1875,175.78125,172.96875,171.91406,172.96875,175.07813,173.67188,171.91406,171.5625,171.5625,171.5625,172.26563,173.32031,174.375,174.375,175.07813,175.42969,174.72656,174.72656,175.42969,175.07813,175.07813,176.48438,175.42969,173.67188,171.91406,171.5625,170.50781,169.45313,169.10156,169.10156,171.5625,171.91406,172.96875,172.26563,173.32031,174.375,175.78125,175.42969,176.48438,176.13281,177.1875,178.24219,177.89063,176.48438,175.42969,174.72656,174.02344,173.67188,173.32031,174.72656,175.07813,176.83594,175.78125,174.02344,172.96875,174.375,177.1875,179.29688,181.40625,178.94531,179.29688,177.53906,179.64844,178.24219,178.24219,79.8047,77.3438,76.6406,75.9375,75.2344,75.2344,70.6641,67.1484,62.5781,59.7656,57.6563,56.25,54.8438,53.4375,55.8984,56.9531,58.7109,58.3594,57.6563,58.7109,58.3594,58.3594,58.7109,60.1172,59.7656,59.7656,58.7109,59.7656,57.3047,56.25,59.0625,57.3047,55.1953,55.1953,43.9453,41.1328,35.8594,37.9688,30.5859,29.1797,28.4766,26.7188,26.7188,26.0156,26.3672,26.3672,26.3672,26.3672,27.0703,27.0703,28.125,27.4219,28.125,28.8281,29.5313,29.8828,30.2344,30.2344,31.2891,31.2891,30.2344,30.9375,30.2344,31.2891,31.9922,31.9922,32.3438,32.3438,31.9922,31.9922,30.9375,31.9922,33.0469,33.3984,32.3438,33.75,33.0469,34.4531,35.5078,34.8047,35.8594,36.2109,36.2109,36.5625,37.9688,38.3203,39.0234,39.0234,39.0234,38.3203,39.0234,40.0781,41.1328,41.8359,43.9453,43.9453,45.3516,43.9453,46.0547,44.2969
2022-09-06 02:30:00+00:00,-0.0078,-0.0195,-0.0313,-0.0195,-0.0234,-0.0273,-0.0273,-0.0547,-0.0664,-0.0859,-0.082,-0.0859,-0.0703,-0.0391,0.0117,0.0195,0.0117,0.0703,0.043,0.0469,0.1055,0.0742,0.0664,0.0625,0.0352,-0.0039,-0.0078,-0.0469,-0.0625,-0.043,-0.1055,-0.0664,-0.1055,-0.1445,-0.1406,-0.1445,-0.1445,-0.1016,-0.1211,-0.0977,-0.1328,-0.1563,-0.1523,-0.1367,-0.1328,-0.1289,-0.1172,-0.1055,-0.1016,-0.0938,-0.1094,-0.1133,-0.1055,-0.0938,-0.082,-0.0781,-0.082,-0.0938,-0.1055,-0.1133,-0.1133,-0.1289,-0.1211,-0.1172,-0.1094,-0.1133,-0.1289,-0.1289,-0.1406,-0.1094,-0.1016,-0.0977,-0.125,-0.125,-0.125,-0.1172,-0.1016,-0.0938,-0.0859,-0.0664,-0.0586,-0.0586,-0.0742,-0.0625,-0.043,-0.043,-0.0313,-0.0547,-0.0547,-0.0586,-0.0781,-0.0977,-0.0742,-0.0664,-0.0664,-0.0352,-0.0273,-0.0117,-0.0234,0.0078,-0.1641,-0.1602,-0.1602,-0.1563,-0.1563,-0.1563,0.0234,-0.1094,0.043,0.2031,0.0977,0.0703,0.0586,0.0742,0.082,0.0273,0.043,0.0664,0.1016,0.0938,0.1016,0.0977,0.0898,0.0977,0.1289,0.1211,0.0273,0.043,-0.0625,-0.1016,-0.125,-0.207,-0.1992,-0.1797,-0.25,-0.3398,-0.5313,-0.6016,-0.5742,-0.6563,-0.6602,-0.6836,-0.7188,-0.707,-0.707,-0.7109,-0.707,-0.7266,-0.7188,-0.7266,-0.7266,-0.7227,-0.707,-0.6914,-0.6836,-0.6797,-0.6953,-0.6914,-0.6953,-0.6992,-0.6953,-0.668,-0.6758,-0.6445,-0.6484,-0.6797,-0.6602,-0.6641,-0.6484,-0.6367,-0.6016,-0.543,-0.5234,-0.5313,-0.5313,-0.5156,-0.5078,-0.4727,-0.4727,-0.457,-0.4492,-0.4414,-0.4531,-0.4531,-0.4297,-0.4297,-0.4531,-0.4648,-0.457,-0.4844,-0.457,-0.418,-0.3906,-0.3633,-0.3398,-0.3242,-0.3711,-0.3711,-0.3203,-0.332,-0.0273,-0.0234,-0.0273,-0.0273,-0.0273,-0.0273,-0.0352,-0.0352,-0.0625,-0.082,-0.1094,-0.1055,-0.0938,-0.0508,-0.0352,-0.0156,-0.0273,0.0,0.0117,0.0195,0.0664,0.0898,0.1289,0.1641,0.1602,0.2109,0.2734,0.3008,0.4023,0.4375,0.457,0.5117,0.5352,0.5781,0.6328,0.6914,0.8008,0.8242,0.8164,0.8555,0.8555,0.8672,0.8828,0.8789,0.8828,0.8828,0.8828,-0.1094,0.8867,0.8867,0.8867,0.8867,0.8828,0.875,0.8711,0.8672,0.8711,0.8711,0.8672,0.8672,0.8672,0.8594,0.8633,0.8516,0.8477,0.8594,0.8555,0.8633,0.8594,0.8594,0.8477,0.832,0.8242,0.8281,0.8281,0.8203,0.8203,0.8086,0.8047,0.793,0.7852,0.7734,0.7734,0.7695,0.7578,0.7539,0.7578,0.7617,0.7539,0.7656,0.7578,0.75,0.7422,0.7383,0.7344,0.7266,0.7383,0.7305,0.7148,0.7305,-0.0586,-0.0586,-0.0586,-0.0586,-0.0586,-0.0586,-0.0352,0.168,-0.1055,0.125,0.1484,0.0547,0.0273,0.0195,0.0,-0.0273,0.0273,-0.0039,-0.0586,-0.1016,-0.082,-0.1016,-0.0898,-0.0703,-0.0586,-0.0742,0.0,-0.0625,-0.1133,-0.0859,-0.1484,-0.1211,-0.1328,-0.2656,-0.332,-0.3438,-0.3477,-0.3008,-0.3594,-0.2969,-0.3555,-0.3789,-0.3633,-0.3438,-0.3359,-0.3359,-0.3125,-0.2852,-0.2695,-0.2539,-0.2734,-0.2852,-0.2813,-0.2734,-0.2656,-0.2539,-0.2578,-0.2734,-0.3008,-0.293,-0.2891,-0.3164,-0.293,-0.2969,-0.2969,-0.293,-0.3164,-0.3125,-0.3242,-0.2695,-0.25,-0.2305,-0.2695,-0.2617,-0.2656,-0.2461,-0.2227,-0.207,-0.1875,-0.1719,-0.1641,-0.168,-0.1484,-0.1328,-0.0898,-0.0977,-0.0781,-0.0938,-0.0859,-0.0898,-0.0703,-0.0859,-0.0586,-0.0273,-0.0703,-0.0352,-0.0195,0.0195,0.0117,0.0234,0.001221,0.001221,0.001831,0.001831,0.001831,0.001831,0.001831,0.001831,0.002441,0.002441,0.002441,0.002441,0.002441,0.001831,0.001831,0.001831,0.001831,0.001831,0.001221,0.001221,0.001221,0.001221,0.001221,0.001221,0.001221,0.001831,0.001831,0.001831,0.001831,0.002441,0.002441,0.003662,0.005493,0.009155,0.014038,0.019531,0.039673,0.056763,0.083618,0.142212,0.169067,0.220947,0.267944,0.293579,0.319824,0.343018,0.360718,0.388184,0.391846,0.411377,0.415039,0.371704,0.349121,0.336914,0.292358,0.264282,0.246582,0.22644,0.214844,0.20813,0.19043,0.155029,0.151367,0.131836,0.130615,0.124512,0.119629,0.124512,0.120239,0.118408,0.110474,0.100708,0.089111,0.089111,0.08667,0.08606,0.082397,0.072632,0.06897,0.062866,0.054932,0.050659,0.05188,0.047607,0.044556,0.040283,0.040894,0.039673,0.037231,0.03479,0.0354,0.03479,0.031738,0.030518,0.028076,0.026855,0.027466,0.026245,0.023804,0.025024,16.52344,39.72656,47.10938,36.5625,42.53906,42.89063,35.85938,55.19531,46.75781,46.40625,37.96875,39.375,37.26563,37.26563,339.96094,303.75,336.09375,270.35156,256.64063,249.25781,237.65625,219.02344,208.125,201.09375,192.30469,178.94531,178.24219,170.85938,171.21094,174.375,166.99219,172.61719,169.10156,165.9375,167.34375,168.04688,169.80469,172.96875,171.5625,173.32031,171.21094,169.80469,170.15625,171.21094,171.21094,171.5625,172.26563,173.32031,173.67188,174.02344,172.96875,172.61719,173.32031,174.02344,174.375,174.72656,174.72656,174.02344,172.96875,172.61719,172.61719,171.5625,171.91406,172.26563,172.61719,172.61719,171.21094,171.21094,170.50781,172.61719,173.32031,173.32031,171.5625,171.5625,171.5625,171.91406,172.96875,173.32031,174.02344,175.07813,175.78125,175.78125,174.72656,175.42969,176.83594,176.83594,177.53906,176.13281,176.13281,175.42969,174.375,172.61719,174.375,175.07813,174.72656,177.1875,177.89063,179.29688,178.24219,180.70313,79.8047,79.8047,79.4531,79.4531,79.4531,79.4531,79.1016,78.3984,76.9922,76.2891,75.2344,75.2344,76.2891,78.3984,79.4531,80.1563,79.8047,78.0469,79.1016,79.1016,75.9375,76.2891,74.8828,73.4766,74.1797,72.0703,68.9063,67.5,62.5781,60.4688,59.0625,56.25,54.8438,51.3281,48.1641,43.9453,35.1563,33.3984,33.75,30.2344,29.8828,27.7734,26.0156,26.7188,26.3672,26.3672,27.0703,26.0156,26.7188,26.7188,26.7188,26.3672,27.0703,27.7734,28.4766,29.1797,28.8281,28.8281,28.8281,28.8281,28.4766,29.1797,28.8281,30.5859,30.5859,29.5313,29.5313,28.8281,28.8281,29.8828,30.9375,32.6953,33.0469,32.3438,32.6953,33.3984,33.75,34.8047,35.1563,36.5625,37.2656,38.3203,38.3203,38.6719,39.7266,40.0781,39.7266,39.375,40.0781,39.0234,39.375,40.0781,40.7813,41.4844,41.8359,42.1875,41.4844,42.1875,43.2422,42.1875
2022-09-06 02:40:00+00:00,-0.0352,-0.0586,-0.0586,-0.0469,-0.0547,-0.0625,-0.1133,-0.1523,-0.1914,-0.1992,-0.1992,-0.2148,-0.2188,-0.1641,-0.1484,-0.1289,-0.1523,-0.1094,-0.0547,-0.0391,-0.0234,-0.0313,-0.0117,-0.0039,0.0078,-0.0234,0.0039,-0.0313,-0.0195,-0.0313,-0.0938,-0.1016,-0.168,-0.1719,-0.2109,-0.2383,-0.2266,-0.1758,-0.043,-0.0156,-0.0547,-0.0664,-0.0898,-0.0898,-0.082,-0.082,-0.0742,-0.0742,-0.082,-0.0781,-0.0859,-0.1055,-0.0977,-0.0977,-0.0977,-0.082,-0.1055,-0.1016,-0.1172,-0.1172,-0.1094,-0.1016,-0.0938,-0.0898,-0.1094,-0.1211,-0.1328,-0.1406,-0.1445,-0.1367,-0.1172,-0.1055,-0.1055,-0.1133,-0.1211,-0.1211,-0.1094,-0.0703,-0.0742,-0.0117,-0.0039,0.0234,-0.0039,-0.0078,-0.0234,-0.0156,0.0,0.0,0.0117,-0.0469,-0.0469,-0.0742,-0.0859,-0.0742,-0.082,-0.0586,-0.0273,-0.0156,-0.0547,-0.0234,-0.5586,-0.5508,-0.5508,-0.5508,-0.5508,-0.5508,-0.125,-0.1758,-0.3516,-0.4023,-0.4336,-0.4258,-0.4609,-0.5078,-0.5469,-0.5195,-0.4805,-0.4531,-0.4336,-0.4063,-0.3945,-0.3359,-0.3008,-0.2578,-0.1563,-0.1289,-0.125,-0.0977,-0.1289,-0.1914,-0.1719,-0.1602,-0.1953,-0.1836,-0.2422,-0.332,-0.375,-0.5195,-0.5156,-0.5156,-0.5547,-0.6289,-0.6914,-0.6836,-0.7188,-0.7305,-0.7148,-0.7383,-0.7305,-0.7344,-0.7422,-0.7578,-0.7383,-0.7148,-0.6875,-0.6758,-0.668,-0.6719,-0.668,-0.6602,-0.6445,-0.668,-0.6484,-0.625,-0.6289,-0.6523,-0.6172,-0.6133,-0.5781,-0.5586,-0.5117,-0.5,-0.4609,-0.4414,-0.3906,-0.418,-0.3867,-0.3594,-0.3711,-0.4063,-0.3945,-0.3945,-0.3984,-0.3711,-0.3906,-0.3633,-0.3867,-0.375,-0.375,-0.332,-0.3516,-0.332,-0.3086,-0.3047,-0.2813,-0.3164,-0.3398,-0.3164,-0.3164,-0.2266,0.0117,0.0313,0.0313,0.0234,0.0352,0.0547,0.1016,0.1484,0.1875,0.2227,0.2461,0.2773,0.2969,0.3164,0.3359,0.3828,0.4531,0.4531,0.457,0.4492,0.4492,0.4688,0.4414,0.4258,0.4141,0.4414,0.4219,0.3984,0.4375,0.4766,0.5078,0.5117,0.5703,0.6055,0.6758,0.7148,0.7461,0.8125,0.8125,0.8125,0.8203,0.8555,0.875,0.875,0.8867,0.8906,0.8828,0.8906,0.8867,0.8906,0.8906,0.9023,0.8984,0.8867,0.875,0.875,0.8711,0.8633,0.8633,0.8555,0.8516,0.8633,0.8594,0.8594,0.8594,0.8672,0.8516,0.8477,0.8398,0.832,0.8203,0.8125,0.8008,0.7969,0.7773,0.7852,0.7773,0.7617,0.7695,0.7773,0.7734,0.7656,0.7656,0.7461,0.7617,0.75,0.7461,0.7383,0.7305,0.7109,0.7266,0.7266,0.7148,0.7148,0.7188,0.7305,0.7344,0.7227,0.7266,0.7031,-0.0469,-0.0586,-0.0586,-0.0625,-0.0664,-0.0664,0.1641,0.1875,-0.1172,-0.2344,-0.2695,-0.3633,-0.3789,-0.3516,-0.2773,-0.2578,-0.2578,-0.2891,-0.2539,-0.2305,-0.207,-0.1875,-0.1523,-0.168,-0.1289,-0.1602,-0.125,-0.1484,-0.1289,-0.1367,-0.168,-0.1367,-0.2148,-0.2891,-0.3555,-0.4102,-0.4414,-0.3828,-0.1953,-0.1602,-0.2383,-0.2305,-0.2539,-0.2656,-0.2422,-0.2383,-0.2344,-0.2266,-0.2461,-0.2383,-0.25,-0.2695,-0.2578,-0.2773,-0.2852,-0.2578,-0.2969,-0.2891,-0.3164,-0.2891,-0.2734,-0.2539,-0.2422,-0.2305,-0.2617,-0.2656,-0.2734,-0.2852,-0.2852,-0.2734,-0.2266,-0.1992,-0.207,-0.2188,-0.2461,-0.2383,-0.2266,-0.1758,-0.1914,-0.0898,-0.0977,-0.0625,-0.1055,-0.1445,-0.1563,-0.1172,-0.0742,-0.0625,-0.0078,-0.1055,-0.0977,-0.1133,-0.1211,-0.0938,-0.0977,-0.0547,-0.0313,-0.0156,-0.0977,-0.0703,0.001221,0.001221,0.001221,0.001831,0.001831,0.002441,0.002441,0.002441,0.002441,0.003052,0.003052,0.003052,0.003052,0.003052,0.003052,0.003052,0.003052,0.002441,0.002441,0.001831,0.002441,0.002441,0.002441,0.002441,0.002441,0.002441,0.001831,0.001831,0.002441,0.002441,0.003052,0.003662,0.004883,0.007935,0.014648,0.020752,0.028687,0.05127,0.081787,0.120239,0.143433,0.20874,0.264282,0.294189,0.344849,0.368042,0.375366,0.406494,0.420532,0.438843,0.438843,0.404663,0.389404,0.357666,0.294189,0.265503,0.250244,0.221558,0.206299,0.187378,0.167847,0.155029,0.136108,0.128174,0.128174,0.119629,0.114746,0.110474,0.10437,0.097046,0.092163,0.090332,0.083618,0.079956,0.071411,0.071411,0.067139,0.061035,0.059814,0.059814,0.056152,0.048828,0.048218,0.042725,0.042725,0.037842,0.03479,0.033569,0.029297,0.025635,0.026245,0.024414,0.021973,0.022583,0.021973,0.021973,0.021973,0.020142,0.020752,0.021362,109.33594,118.47656,118.125,114.60938,121.99219,130.42969,131.48438,134.29688,134.29688,138.16406,141.32813,142.03125,143.78906,152.57813,156.09375,161.36719,161.36719,166.28906,173.32031,175.07813,177.1875,176.48438,178.24219,179.29688,181.05469,177.1875,180.35156,175.42969,177.53906,176.13281,169.80469,168.75,163.47656,164.17969,162.42188,161.71875,163.125,167.69531,176.83594,178.94531,176.13281,175.42969,174.02344,174.02344,174.72656,174.72656,175.07813,175.07813,174.72656,175.07813,174.375,173.32031,174.02344,173.67188,173.67188,174.72656,172.96875,173.32031,172.26563,172.26563,172.61719,173.32031,173.67188,174.02344,172.96875,171.91406,171.21094,170.50781,170.15625,170.85938,171.91406,172.61719,172.26563,171.91406,171.21094,171.21094,171.91406,174.72656,174.72656,179.29688,179.64844,181.75781,179.64844,179.29688,178.24219,178.59375,180.0,180.0,181.05469,176.48438,176.48438,174.375,173.32031,174.02344,173.32031,175.42969,177.89063,178.59375,175.42969,177.89063,79.4531,78.3984,78.3984,78.75,78.3984,77.6953,74.5313,72.0703,69.2578,67.8516,66.7969,65.3906,64.3359,65.0391,64.3359,62.5781,58.3594,59.0625,59.7656,60.1172,60.1172,59.0625,60.8203,61.1719,61.875,60.4688,61.5234,62.5781,60.8203,58.7109,56.25,55.8984,51.6797,49.5703,43.5938,40.0781,37.9688,33.0469,34.8047,35.1563,34.1016,30.5859,28.125,28.125,27.0703,26.3672,27.0703,26.3672,26.7188,26.3672,26.3672,24.6094,25.3125,26.3672,27.7734,28.4766,28.4766,29.1797,29.1797,29.8828,30.2344,29.1797,29.8828,29.8828,29.5313,28.4766,30.2344,30.2344,31.2891,31.9922,33.75,34.4531,35.5078,35.8594,37.2656,36.9141,37.6172,39.0234,38.6719,38.3203,38.3203,39.375,39.0234,40.7813,39.7266,40.7813,40.7813,41.4844,42.1875,43.2422,42.1875,42.1875,42.8906,42.8906,42.5391,42.1875,41.8359,42.8906,42.1875,44.2969
2022-09-06 02:50:00+00:00,-0.0117,-0.0117,-0.0156,-0.0078,-0.0117,-0.0156,-0.0234,-0.0391,-0.0508,-0.0586,-0.0703,-0.0781,-0.0781,-0.082,-0.0977,-0.0781,-0.0938,-0.0898,-0.0898,-0.0781,-0.0664,-0.0781,-0.082,-0.0664,-0.0547,-0.0391,-0.0078,-0.0586,-0.0352,-0.0078,-0.0039,-0.0313,-0.0859,-0.0898,-0.0313,-0.0977,-0.1016,-0.1055,-0.0078,-0.043,-0.0664,-0.0742,-0.0781,-0.0703,-0.082,-0.082,-0.0703,-0.0664,-0.0703,-0.0742,-0.0898,-0.1055,-0.0977,-0.0977,-0.1055,-0.1094,-0.1172,-0.1055,-0.1172,-0.125,-0.1367,-0.1133,-0.0938,-0.0742,-0.0898,-0.0859,-0.0781,-0.0742,-0.0742,-0.1016,-0.082,-0.0781,-0.0859,-0.1016,-0.0938,-0.0898,-0.0625,-0.0391,-0.0508,-0.0234,-0.0234,-0.0234,0.0,-0.0078,-0.0039,0.0078,0.0117,0.0078,0.0391,0.0117,0.0,0.0234,0.0234,0.0391,0.0508,0.0703,0.0703,0.0859,0.0742,0.082,-0.3828,-0.375,-0.375,-0.375,-0.3789,-0.3828,0.0547,-0.3398,-0.2891,-0.3867,-0.3164,-0.3281,-0.3555,-0.4102,-0.4844,-0.457,-0.3945,-0.2852,-0.2695,-0.2539,-0.2578,-0.1953,-0.1133,-0.1133,-0.0352,-0.0273,0.0547,0.0391,0.0313,-0.0977,-0.1406,-0.1172,-0.1367,-0.0898,-0.0977,-0.2734,-0.2734,-0.4492,-0.4414,-0.4688,-0.543,-0.6367,-0.6641,-0.6719,-0.6758,-0.6836,-0.7266,-0.7266,-0.7266,-0.7227,-0.7188,-0.7344,-0.7266,-0.7148,-0.6836,-0.6328,-0.6289,-0.6328,-0.6289,-0.5938,-0.5703,-0.6133,-0.5664,-0.5742,-0.5547,-0.543,-0.5352,-0.5547,-0.5078,-0.4922,-0.4492,-0.4648,-0.4688,-0.4492,-0.4141,-0.3984,-0.3984,-0.4297,-0.457,-0.4297,-0.4453,-0.4805,-0.4844,-0.4492,-0.4023,-0.3789,-0.3945,-0.3867,-0.3516,-0.3594,-0.3477,-0.3555,-0.3398,-0.3164,-0.3125,-0.3516,-0.4023,-0.4219,-0.4102,-0.4063,-0.0039,0.0078,0.0078,0.0,0.0156,0.0273,0.0469,0.0703,0.1016,0.1367,0.1563,0.1797,0.2031,0.2383,0.2773,0.3281,0.375,0.3672,0.3711,0.375,0.3828,0.4023,0.3711,0.3633,0.3789,0.375,0.3633,0.3672,0.3945,0.4531,0.4766,0.4961,0.5156,0.5234,0.5391,0.6875,0.707,0.7813,0.7734,0.793,0.8242,0.8633,0.875,0.8789,0.8789,0.8828,0.8906,0.8906,0.8906,0.8828,0.8828,0.8906,0.8867,0.8828,0.8672,0.8477,0.8477,0.8438,0.8398,0.8281,0.8242,0.8438,0.8281,0.8359,0.832,0.832,0.8281,0.832,0.8164,0.8164,0.8047,0.8008,0.8008,0.7852,0.7773,0.7695,0.7656,0.7773,0.7891,0.7852,0.7852,0.7969,0.8008,0.7891,0.7773,0.7656,0.7734,0.7695,0.7617,0.7656,0.7578,0.7539,0.75,0.7383,0.7266,0.7344,0.7539,0.7578,0.7578,0.7539,-0.1602,-0.168,-0.168,-0.1719,-0.168,-0.1719,-0.1133,0.0859,-0.0938,-0.1758,-0.293,-0.2695,-0.3125,-0.2773,-0.2266,-0.207,-0.1328,-0.168,-0.1484,-0.1328,-0.0938,-0.0859,-0.1094,-0.1055,-0.043,-0.0117,-0.0313,-0.0742,-0.0273,0.0,0.0078,-0.0078,-0.1094,-0.1953,-0.0859,-0.1719,-0.2344,-0.2656,-0.1875,-0.2422,-0.2578,-0.2422,-0.2344,-0.2188,-0.25,-0.2422,-0.207,-0.1992,-0.2188,-0.2383,-0.2695,-0.2773,-0.2734,-0.2813,-0.2969,-0.3164,-0.332,-0.3008,-0.3086,-0.3086,-0.3125,-0.2422,-0.2188,-0.1953,-0.2148,-0.1875,-0.1719,-0.1641,-0.1719,-0.2227,-0.1758,-0.1641,-0.1758,-0.207,-0.1914,-0.1836,-0.1484,-0.1133,-0.1406,-0.0977,-0.0977,-0.1016,-0.0742,-0.0977,-0.0859,-0.043,-0.0039,-0.0117,0.0352,-0.0039,-0.0313,0.0156,0.0156,0.0391,0.0664,0.1172,0.1016,0.1094,0.0625,0.0703,0.00061,0.001831,0.002441,0.002441,0.002441,0.003052,0.003052,0.003052,0.003662,0.003662,0.003662,0.003662,0.004272,0.003662,0.003052,0.003052,0.003052,0.002441,0.002441,0.002441,0.002441,0.002441,0.002441,0.002441,0.002441,0.002441,0.001831,0.002441,0.002441,0.002441,0.002441,0.003052,0.004272,0.005493,0.007324,0.020752,0.030518,0.05127,0.076294,0.105591,0.144043,0.222778,0.264893,0.307007,0.335083,0.349731,0.394287,0.407104,0.414429,0.413818,0.419922,0.405273,0.372925,0.307007,0.270996,0.214233,0.200806,0.189209,0.174561,0.144043,0.127563,0.13855,0.114746,0.109863,0.105591,0.099487,0.097656,0.098267,0.089111,0.088501,0.078735,0.076904,0.074463,0.06897,0.057983,0.054321,0.05249,0.05188,0.054321,0.053711,0.053101,0.053101,0.053711,0.050659,0.046387,0.043945,0.042114,0.040283,0.039063,0.039673,0.037231,0.03418,0.032349,0.031128,0.028076,0.027466,0.028687,0.027466,0.024414,0.023193,67.85156,127.61719,114.96094,96.32813,145.54688,147.30469,152.57813,152.57813,152.57813,156.44531,156.44531,156.09375,158.55469,161.01563,160.66406,166.28906,165.58594,166.28906,166.64063,168.39844,170.15625,168.75,167.34375,169.45313,171.5625,174.375,178.94531,171.21094,175.07813,178.94531,179.29688,176.13281,170.50781,170.15625,176.83594,171.91406,171.91406,172.26563,179.29688,176.83594,175.42969,175.07813,175.07813,175.42969,174.72656,174.72656,175.42969,175.78125,175.42969,175.07813,174.02344,173.32031,173.67188,173.67188,172.96875,172.61719,172.26563,172.96875,171.91406,171.5625,170.50781,172.26563,173.32031,174.72656,173.67188,174.375,174.72656,175.07813,174.72656,172.96875,174.375,174.375,173.67188,172.61719,173.32031,173.32031,175.42969,177.1875,176.13281,178.24219,178.24219,178.24219,180.0,179.29688,179.64844,180.70313,180.70313,180.70313,182.8125,180.70313,180.0,181.75781,181.75781,182.8125,184.21875,185.625,185.27344,186.32813,185.625,185.97656,80.5078,80.5078,80.5078,80.5078,80.1563,79.8047,78.75,77.6953,76.2891,74.8828,73.8281,72.7734,71.7188,69.9609,68.2031,65.7422,63.6328,63.9844,63.6328,63.6328,63.2813,62.2266,63.6328,64.3359,63.6328,63.9844,64.6875,64.3359,62.9297,59.7656,58.7109,57.3047,55.8984,55.5469,54.8438,44.6484,43.2422,37.2656,38.6719,36.5625,33.75,29.8828,28.4766,28.125,27.7734,27.4219,26.3672,26.3672,26.7188,27.0703,27.0703,26.0156,26.7188,27.4219,28.8281,30.9375,30.9375,31.2891,31.6406,32.6953,33.0469,31.2891,33.0469,32.6953,32.6953,32.6953,33.0469,32.6953,34.1016,34.1016,35.5078,35.5078,35.5078,36.9141,37.9688,38.3203,39.0234,38.3203,37.2656,37.6172,37.2656,36.5625,36.2109,37.2656,38.3203,39.375,38.6719,39.0234,39.375,39.375,39.7266,40.0781,40.4297,41.4844,42.1875,41.4844,40.0781,39.375,39.7266,40.0781
2022-09-06 03:00:00+00:00,,,,,,,,,,,,,,,,,,,,,,,,,,,,,,,,,,,,,,,,,,,,,,,,,,,,,,,,,,,,,,,,,,,,,,,,,,,,,,,,,,,,,,,,,,,,,,,,,,,,,,,,,,,,,,,,,,,,,,,,,,,,,,,,,,,,,,,,,,,,,,,,,,,,,,,,,,,,,,,,,,,,,,,,,,,,,,,,,,,,,,,,,,,,,,,,,,,,,,,,,,,,,,,,,,,,,,,,,,,,,,,,,,,,,,,,,,,,,,,,,,,,,,,,,,,,,,,,,,,,,,,,,,,,,,,,,,,,,,,,,,,,,,,,,,,,,,,,,,,,,,,,,,,,,,,,,,,,,,,,,,,,,,,,,,,,,,,,,,,,,,,,,,,,,,,,,,,,,,,,,,,,,,,,,,,,,,,,,,,,,,,,,,,,,,,,,,,,,,,,,,,,,,,,,,,,,,,,,,,,,,,,,,,,,,,,,,,,,,,,,,,,,,,,,,,,,,,,,,,,,,,,,,,,,,,,,,,,,,,,,,,,,,,,,,,,,,,,,,,,,,,,,,,,,,,,,,,,,,,,,,,,,,,,,,,,,,,,,,,,,,,,,,,,,,,,,,,,,,,,,,,,,,,,,,,,,,,,,,,,,,,,,,,,,,,,,,,,,,,,,,,,,,,,,,,,,,,,,,,,,,,,,,,,,,,,,,,,,,,,,,,,,,,,,,,,,,,,,,,,,,,,,,,,,,,,,,,,,,,,,,,,,,,,,,,,,,,,,,,,
